dodX <- c(1:1000)
dodY <- c(0.78,0.82,0.78,0.8,0.79,0.84,0.78,0.79,0.75,0.8,0.8,0.82,0.81,0.88,0.81,0.79,0.83,0.74,0.83,0.84,0.73,0.77,0.82,0.75,0.73,0.8,0.79,0.81,0.77,0.84,0.76,0.83,0.83,0.73,0.78,0.8,0.84,0.83,0.84,0.73,0.72,0.85,0.75,0.86,0.72,0.79,0.83,0.83,0.78,0.78,0.83,0.79,0.82,0.84,0.84,0.75,0.82,0.79,0.77,0.74,0.86,0.75,0.81,0.81,0.8,0.84,0.76,0.84,0.78,0.73,0.77,0.71,0.83,0.75,0.73,0.76,0.8,0.84,0.82,0.76,0.82,0.83,0.81,0.82,0.86,0.83,0.88,0.8,0.82,0.82,0.81,0.74,0.79,0.81,0.77,0.82,0.81,0.84,0.81,0.83,0.84,0.81,0.9,0.8,0.78,0.82,0.8,0.79,0.8,0.81,0.75,0.79,0.81,0.8,0.74,0.83,0.78,0.84,0.8,0.8,0.78,0.73,0.83,0.83,0.77,0.87,0.74,0.71,0.81,0.83,0.77,0.86,0.73,0.84,0.82,0.81,0.85,0.82,0.77,0.72,0.8,0.8,0.84,0.78,0.78,0.79,0.75,0.78,0.81,0.82,0.77,0.8,0.76,0.74,0.78,0.87,0.84,0.76,0.82,0.81,0.82,0.81,0.8,0.84,0.8,0.84,0.82,0.77,0.83,0.82,0.82,0.83,0.76,0.79,0.78,0.76,0.75,0.81,0.72,0.82,0.77,0.78,0.79,0.73,0.84,0.88,0.84,0.8,0.72,0.79,0.81,0.81,0.79,0.77,0.81,0.85,0.81,0.77,0.77,0.83,0.75,0.74,0.79,0.81,0.8,0.79,0.73,0.77,0.86,0.77,0.85,0.8,0.77,0.79,0.79,0.69,0.83,0.76,0.84,0.77,0.85,0.78,0.8,0.79,0.78,0.76,0.84,0.74,0.77,0.81,0.81,0.75,0.86,0.76,0.82,0.85,0.78,0.81,0.82,0.79,0.76,0.79,0.79,0.83,0.81,0.77,0.79,0.82,0.84,0.77,0.83,0.74,0.83,0.79,0.82,0.82,0.81,0.78,0.78,0.81,0.83,0.81,0.85,0.73,0.81,0.8,0.86,0.76,0.71,0.8,0.74,0.78,0.83,0.78,0.85,0.83,0.78,0.71,0.74,0.79,0.76,0.8,0.81,0.86,0.85,0.82,0.83,0.81,0.71,0.87,0.79,0.87,0.8,0.77,0.77,0.84,0.79,0.79,0.78,0.74,0.86,0.79,0.7,0.76,0.92,0.79,0.81,0.78,0.77,0.81,0.79,0.82,0.83,0.77,0.73,0.79,0.85,0.77,0.82,0.81,0.8,0.81,0.8,0.84,0.77,0.81,0.77,0.8,0.8,0.81,0.81,0.77,0.81,0.79,0.78,0.82,0.77,0.79,0.82,0.79,0.84,0.82,0.78,0.84,0.78,0.84,0.74,0.82,0.79,0.83,0.74,0.82,0.83,0.82,0.8,0.89,0.82,0.71,0.78,0.84,0.77,0.82,0.86,0.74,0.78,0.81,0.77,0.78,0.78,0.76,0.93,0.89,0.84,0.78,0.82,0.8,0.78,0.82,0.77,0.87,0.87,0.79,0.78,0.84,0.81,0.79,0.78,0.72,0.82,0.78,0.78,0.78,0.81,0.87,0.75,0.78,0.87,0.76,0.79,0.78,0.78,0.8,0.77,0.82,0.8,0.78,0.78,0.88,0.75,0.82,0.82,0.79,0.73,0.88,0.85,0.78,0.75,0.81,0.79,0.82,0.8,0.73,0.81,0.8,0.8,0.87,0.82,0.86,0.82,0.79,0.71,0.75,0.72,0.81,0.85,0.72,0.84,0.8,0.85,0.86,0.83,0.87,0.79,0.82,0.85,0.8,0.79,0.81,0.81,0.71,0.82,0.76,0.73,0.81,0.7,0.8,0.78,0.78,0.81,0.8,0.85,0.78,0.76,0.73,0.84,0.79,0.8,0.79,0.72,0.77,0.77,0.86,0.77,0.75,0.81,0.81,0.84,0.79,0.85,0.79,0.81,0.74,0.79,0.78,0.75,0.81,0.8,0.82,0.72,0.74,0.78,0.78,0.83,0.82,0.83,0.8,0.79,0.81,0.84,0.83,0.84,0.8,0.76,0.86,0.77,0.77,0.73,0.78,0.85,0.77,0.79,0.75,0.77,0.76,0.85,0.88,0.84,0.79,0.83,0.8,0.78,0.79,0.76,0.84,0.8,0.82,0.78,0.87,0.86,0.81,0.79,0.84,0.81,0.82,0.87,0.81,0.85,0.88,0.77,0.76,0.81,0.8,0.78,0.81,0.78,0.86,0.84,0.85,0.87,0.83,0.77,0.79,0.81,0.83,0.86,0.77,0.79,0.83,0.8,0.83,0.8,0.77,0.78,0.82,0.83,0.8,0.77,0.8,0.78,0.77,0.81,0.83,0.79,0.81,0.78,0.87,0.76,0.77,0.77,0.82,0.76,0.82,0.77,0.84,0.76,0.77,0.87,0.73,0.79,0.73,0.85,0.77,0.8,0.81,0.77,0.78,0.75,0.72,0.76,0.9,0.76,0.87,0.76,0.84,0.83,0.9,0.82,0.82,0.8,0.77,0.84,0.78,0.81,0.73,0.73,0.7,0.83,0.87,0.8,0.79,0.78,0.88,0.77,0.82,0.84,0.84,0.82,0.75,0.85,0.84,0.76,0.71,0.85,0.79,0.82,0.81,0.85,0.76,0.77,0.76,0.74,0.72,0.78,0.76,0.81,0.8,0.81,0.8,0.82,0.84,0.82,0.82,0.81,0.77,0.83,0.76,0.77,0.87,0.85,0.8,0.79,0.86,0.79,0.79,0.81,0.75,0.76,0.9,0.78,0.8,0.75,0.76,0.72,0.76,0.8,0.75,0.84,0.82,0.8,0.82,0.81,0.8,0.86,0.78,0.75,0.72,0.79,0.78,0.85,0.83,0.79,0.82,0.79,0.83,0.76,0.8,0.83,0.86,0.83,0.75,0.83,0.83,0.85,0.8,0.83,0.84,0.8,0.76,0.81,0.83,0.75,0.84,0.87,0.86,0.78,0.77,0.87,0.82,0.79,0.91,0.8,0.79,0.84,0.82,0.8,0.71,0.76,0.78,0.84,0.81,0.82,0.87,0.75,0.82,0.78,0.78,0.77,0.78,0.86,0.88,0.83,0.84,0.8,0.72,0.78,0.84,0.77,0.79,0.79,0.75,0.79,0.79,0.82,0.81,0.81,0.75,0.76,0.79,0.79,0.81,0.87,0.75,0.78,0.83,0.81,0.86,0.82,0.82,0.85,0.88,0.82,0.8,0.87,0.78,0.79,0.88,0.76,0.8,0.82,0.85,0.81,0.81,0.81,0.89,0.77,0.89,0.76,0.75,0.82,0.87,0.74,0.84,0.77,0.73,0.81,0.81,0.82,0.81,0.8,0.82,0.79,0.79,0.79,0.74,0.75,0.82,0.78,0.89,0.8,0.71,0.73,0.83,0.8,0.72,0.81,0.78,0.86,0.83,0.73,0.73,0.82,0.93,0.8,0.78,0.81,0.78,0.81,0.81,0.78,0.79,0.78,0.79,0.82,0.87,0.77,0.79,0.78,0.85,0.84,0.76,0.82,0.82,0.69,0.81,0.79,0.78,0.76,0.82,0.78,0.75,0.79,0.78,0.81,0.79,0.86,0.8,0.81,0.8,0.8,0.81,0.81,0.82,0.76,0.78,0.86,0.8,0.76,0.84,0.81,0.84,0.82,0.79,0.86,0.82,0.82,0.83,0.81,0.77,0.81,0.73,0.68,0.82,0.82,0.75,0.74,0.81,0.81,0.71,0.85,0.8,0.78,0.77,0.83,0.77,0.74,0.77,0.81,0.75,0.85,0.8,0.77,0.78,0.82,0.88,0.87,0.72,0.74,0.77,0.82,0.76,0.85,0.79,0.87,0.79,0.81,0.86,0.78,0.77,0.86,0.76,0.72,0.78,0.85,0.77,0.8,0.78,0.81,0.78,0.8,0.87,0.83,0.79,0.74,0.86,0.81,0.82,0.78,0.88,0.78,0.84,0.74,0.82,0.77,0.8,0.76,0.83,0.77,0.81,0.79,0.84,0.83,0.83,0.79,0.83,0.85,0.75,0.85,0.75,0.78,0.78,0.79,0.87,0.81,0.79,0.83,0.79,0.84,0.74,0.84,0.8,0.85,0.78,0.78,0.78,0.79,0.82,0.85,0.82,0.75,0.88,0.83,0.71,0.83,0.73,0.82,0.81,0.84,0.8,0.85,0.79,0.81,0.83,0.82,0.79,0.82,0.77,0.83,0.79,0.78,0.74)
edodX <- c(1:1000)
