dodX <- c(1:1000)
dodY <- c(0.793,0.815,0.781,0.797,0.791,0.799,0.798,0.777,0.829,0.803,0.815,0.794,0.79,0.799,0.795,0.795,0.815,0.784,0.794,0.802,0.781,0.789,0.792,0.805,0.797,0.801,0.796,0.783,0.812,0.794,0.799,0.798,0.801,0.795,0.808,0.805,0.787,0.83,0.798,0.797,0.798,0.802,0.81,0.791,0.808,0.779,0.783,0.804,0.776,0.811,0.793,0.806,0.811,0.82,0.823,0.808,0.792,0.801,0.784,0.791,0.817,0.788,0.819,0.788,0.788,0.81,0.803,0.782,0.797,0.806,0.818,0.826,0.795,0.811,0.791,0.792,0.827,0.817,0.818,0.795,0.786,0.782,0.811,0.805,0.782,0.805,0.808,0.806,0.779,0.787,0.793,0.814,0.796,0.813,0.793,0.804,0.81,0.81,0.801,0.798,0.809,0.816,0.803,0.82,0.77,0.808,0.776,0.796,0.815,0.809,0.789,0.801,0.797,0.785,0.806,0.785,0.801,0.802,0.803,0.785,0.794,0.807,0.806,0.795,0.811,0.802,0.782,0.795,0.797,0.814,0.797,0.803,0.771,0.813,0.803,0.807,0.812,0.78,0.805,0.802,0.806,0.789,0.811,0.798,0.793,0.806,0.801,0.817,0.801,0.794,0.813,0.803,0.805,0.789,0.794,0.802,0.79,0.831,0.824,0.806,0.797,0.828,0.796,0.801,0.794,0.811,0.803,0.791,0.782,0.797,0.811,0.824,0.805,0.808,0.803,0.803,0.782,0.805,0.799,0.817,0.797,0.8,0.818,0.801,0.814,0.818,0.795,0.799,0.804,0.815,0.792,0.794,0.824,0.828,0.795,0.789,0.816,0.809,0.805,0.804,0.812,0.808,0.812,0.801,0.793,0.803,0.784,0.783,0.796,0.798,0.789,0.793,0.807,0.792,0.821,0.799,0.793,0.796,0.799,0.795,0.8,0.8,0.799,0.796,0.791,0.794,0.799,0.797,0.815,0.816,0.82,0.792,0.796,0.805,0.816,0.767,0.784,0.812,0.787,0.8,0.812,0.806,0.8,0.812,0.81,0.788,0.773,0.771,0.814,0.79,0.774,0.813,0.803,0.809,0.817,0.816,0.795,0.821,0.811,0.82,0.798,0.799,0.805,0.805,0.809,0.799,0.793,0.814,0.782,0.803,0.772,0.789,0.791,0.833,0.794,0.792,0.808,0.801,0.796,0.816,0.815,0.788,0.803,0.791,0.775,0.803,0.833,0.823,0.799,0.785,0.814,0.819,0.795,0.824,0.796,0.789,0.8,0.793,0.788,0.793,0.813,0.823,0.795,0.805,0.798,0.797,0.8,0.795,0.775,0.783,0.809,0.799,0.791,0.799,0.798,0.807,0.784,0.808,0.811,0.809,0.785,0.798,0.816,0.828,0.803,0.797,0.814,0.812,0.791,0.794,0.802,0.786,0.793,0.789,0.822,0.802,0.788,0.793,0.806,0.808,0.784,0.804,0.808,0.813,0.807,0.806,0.812,0.811,0.819,0.821,0.789,0.807,0.782,0.823,0.817,0.803,0.818,0.794,0.782,0.79,0.804,0.806,0.797,0.814,0.809,0.78,0.806,0.804,0.815,0.801,0.795,0.829,0.787,0.805,0.802,0.779,0.799,0.811,0.821,0.822,0.822,0.795,0.8,0.792,0.806,0.812,0.798,0.806,0.795,0.793,0.813,0.812,0.823,0.801,0.802,0.824,0.81,0.791,0.775,0.803,0.803,0.785,0.797,0.781,0.808,0.819,0.783,0.82,0.812,0.825,0.789,0.815,0.801,0.801,0.791,0.797,0.807,0.803,0.821,0.79,0.812,0.801,0.802,0.779,0.807,0.818,0.791,0.799,0.824,0.794,0.771,0.807,0.78,0.801,0.777,0.81,0.796,0.792,0.801,0.785,0.799,0.797,0.803,0.794,0.801,0.801,0.793,0.793,0.791,0.806,0.787,0.814,0.801,0.824,0.816,0.798,0.775,0.797,0.799,0.807,0.808,0.788,0.801,0.793,0.827,0.804,0.812,0.793,0.806,0.79,0.801,0.777,0.81,0.793,0.815,0.792,0.805,0.799,0.81,0.821,0.787,0.782,0.782,0.795,0.792,0.816,0.801,0.794,0.78,0.777,0.803,0.812,0.797,0.799,0.798,0.805,0.823,0.801,0.798,0.788,0.821,0.781,0.792,0.787,0.792,0.792,0.817,0.823,0.811,0.807,0.787,0.828,0.792,0.799,0.802,0.795,0.817,0.768,0.791,0.793,0.757,0.809,0.799,0.8,0.782,0.798,0.811,0.789,0.809,0.811,0.804,0.787,0.785,0.8,0.8,0.793,0.798,0.817,0.785,0.786,0.811,0.823,0.802,0.809,0.791,0.803,0.817,0.807,0.817,0.784,0.802,0.819,0.806,0.808,0.773,0.819,0.79,0.82,0.805,0.795,0.789,0.808,0.801,0.796,0.805,0.843,0.787,0.783,0.791,0.809,0.801,0.799,0.777,0.788,0.786,0.806,0.798,0.791,0.796,0.779,0.775,0.804,0.814,0.797,0.811,0.792,0.778,0.796,0.802,0.803,0.796,0.808,0.808,0.804,0.827,0.782,0.808,0.8,0.805,0.782,0.804,0.794,0.813,0.789,0.793,0.807,0.809,0.788,0.797,0.781,0.775,0.807,0.804,0.791,0.804,0.778,0.795,0.815,0.776,0.821,0.79,0.804,0.814,0.788,0.781,0.786,0.822,0.834,0.797,0.798,0.82,0.807,0.799,0.802,0.805,0.793,0.784,0.8,0.81,0.783,0.775,0.807,0.783,0.807,0.801,0.797,0.794,0.811,0.793,0.804,0.783,0.809,0.793,0.804,0.779,0.79,0.785,0.795,0.781,0.81,0.804,0.803,0.785,0.801,0.812,0.798,0.8,0.815,0.793,0.791,0.765,0.808,0.802,0.791,0.801,0.801,0.784,0.803,0.775,0.789,0.787,0.803,0.783,0.787,0.784,0.808,0.794,0.798,0.783,0.805,0.799,0.809,0.818,0.781,0.781,0.788,0.809,0.783,0.822,0.801,0.805,0.779,0.782,0.799,0.813,0.803,0.782,0.792,0.77,0.805,0.814,0.791,0.793,0.808,0.818,0.84,0.815,0.794,0.806,0.792,0.803,0.794,0.795,0.808,0.787,0.785,0.782,0.801,0.818,0.805,0.8,0.8,0.81,0.796,0.799,0.821,0.785,0.804,0.812,0.791,0.797,0.776,0.794,0.814,0.796,0.801,0.803,0.799,0.806,0.801,0.803,0.802,0.782,0.814,0.811,0.765,0.808,0.778,0.813,0.808,0.803,0.795,0.812,0.803,0.799,0.783,0.795,0.791,0.796,0.777,0.789,0.804,0.788,0.799,0.817,0.794,0.803,0.785,0.808,0.819,0.802,0.811,0.805,0.796,0.774,0.799,0.794,0.806,0.777,0.792,0.803,0.798,0.786,0.811,0.805,0.797,0.822,0.813,0.782,0.8,0.796,0.783,0.799,0.801,0.785,0.808,0.796,0.798,0.821,0.781,0.812,0.811,0.816,0.789,0.822,0.792,0.799,0.817,0.797,0.801,0.796,0.778,0.796,0.779,0.808,0.787,0.792,0.805,0.8,0.796,0.784,0.797,0.803,0.809,0.793,0.787,0.802,0.785,0.794,0.816,0.807,0.795,0.804,0.804,0.786,0.805,0.814,0.8,0.775,0.82,0.794,0.795,0.779,0.799,0.819,0.789,0.804,0.808,0.797,0.8,0.811,0.799,0.806,0.79,0.805,0.818,0.803,0.815,0.806,0.789,0.806,0.811,0.777,0.801,0.789,0.819,0.828,0.788,0.776,0.812,0.8,0.804,0.776,0.829,0.803,0.808,0.8,0.787,0.792,0.789,0.804,0.814,0.806,0.783,0.805,0.803,0.8,0.801,0.793,0.782,0.8,0.791,0.778,0.81,0.793,0.802,0.791,0.789,0.812,0.796,0.812,0.815,0.81,0.812,0.817,0.784,0.775,0.783,0.816,0.807,0.776,0.797,0.793,0.781,0.797,0.814,0.788,0.78,0.805,0.817,0.804,0.812,0.778,0.804,0.796,0.792,0.812,0.782,0.796,0.812,0.817,0.805,0.785,0.783,0.801,0.805,0.806,0.804,0.785,0.823,0.799,0.805,0.812,0.823,0.821,0.801,0.784,0.797,0.806,0.81,0.796,0.793,0.814,0.803,0.794,0.789,0.806,0.797,0.815,0.812,0.793,0.795,0.784,0.788,0.807,0.788,0.803,0.806,0.775,0.793,0.797,0.798,0.797,0.787,0.774,0.813,0.809,0.773,0.782,0.815,0.813,0.818,0.801,0.785,0.804,0.788,0.787,0.807,0.787,0.792)
edodX <- c(1:1000)
