pP1 <- c(0.9,0.89,0.88,0.87,0.86,0.85,0.84,0.8300000000000001,0.8200000000000001,0.81,0.8,0.79,0.78,0.77,0.76,0.75,0.74,0.73,0.72,0.71,0.7,0.69,0.6799999999999999,0.6699999999999999,0.6599999999999999,0.6499999999999999,0.6399999999999999,0.6299999999999999,0.6199999999999999,0.6099999999999999,0.5999999999999999,0.5899999999999999,0.5799999999999998,0.5699999999999998,0.5599999999999998,0.5499999999999998,0.5399999999999998,0.5299999999999998,0.5199999999999998,0.5099999999999998,0.49999999999999983,0.4899999999999998,0.4799999999999998,0.4699999999999998,0.4599999999999998,0.4499999999999998,0.4399999999999998,0.42999999999999977,0.41999999999999976,0.40999999999999975,0.3999999999999998,0.3899999999999998,0.3799999999999998,0.3699999999999998,0.35999999999999976,0.34999999999999976,0.33999999999999975,0.32999999999999974,0.31999999999999973,0.3099999999999997,0.2999999999999997,0.2899999999999997,0.2799999999999997,0.2699999999999997,0.2599999999999997,0.24999999999999967,0.23999999999999966,0.22999999999999965,0.21999999999999964,0.20999999999999963,0.19999999999999962,0.1899999999999996,0.1799999999999996,0.1699999999999996,0.1599999999999996,0.14999999999999958,0.13999999999999957,0.12999999999999956,0.11999999999999955,0.10999999999999954,0.09999999999999953,0.08999999999999952,0.07999999999999952,0.06999999999999951,0.0599999999999995,0.04999999999999949,0.03999999999999948,0.02999999999999947,0.019999999999999463,0.009999999999999454)
pP2 <- c(0.0,0.01,0.02,0.03,0.04,0.05,0.060000000000000005,0.07,0.08,0.09,0.09999999999999999,0.10999999999999999,0.11999999999999998,0.12999999999999998,0.13999999999999999,0.15,0.16,0.17,0.18000000000000002,0.19000000000000003,0.20000000000000004,0.21000000000000005,0.22000000000000006,0.23000000000000007,0.24000000000000007,0.25000000000000006,0.26000000000000006,0.2700000000000001,0.2800000000000001,0.2900000000000001,0.3000000000000001,0.3100000000000001,0.3200000000000001,0.3300000000000001,0.34000000000000014,0.35000000000000014,0.36000000000000015,0.37000000000000016,0.38000000000000017,0.3900000000000002,0.4000000000000002,0.4100000000000002,0.4200000000000002,0.4300000000000002,0.4400000000000002,0.45000000000000023,0.46000000000000024,0.47000000000000025,0.48000000000000026,0.49000000000000027,0.5000000000000002,0.5100000000000002,0.5200000000000002,0.5300000000000002,0.5400000000000003,0.5500000000000003,0.5600000000000003,0.5700000000000003,0.5800000000000003,0.5900000000000003,0.6000000000000003,0.6100000000000003,0.6200000000000003,0.6300000000000003,0.6400000000000003,0.6500000000000004,0.6600000000000004,0.6700000000000004,0.6800000000000004,0.6900000000000004,0.7000000000000004,0.7100000000000004,0.7200000000000004,0.7300000000000004,0.7400000000000004,0.7500000000000004,0.7600000000000005,0.7700000000000005,0.7800000000000005,0.7900000000000005,0.8000000000000005,0.8100000000000005,0.8200000000000005,0.8300000000000005,0.8400000000000005,0.8500000000000005,0.8600000000000005,0.8700000000000006,0.8800000000000006,0.8900000000000006)
edod <- c(0.1503907,0.15258049999999992,0.15709496000000003,0.16065640000000012,0.16508654000000006,0.16678071999999977,0.17039140000000003,0.17345157999999994,0.17660728000000012,0.1815809199999999,0.18333110000000022,0.18656867999999988,0.18992567999999987,0.19359377999999988,0.1960104,0.20100019999999977,0.2027550199999999,0.2060857800000001,0.21047065999999984,0.2140662000000001,0.21660890000000005,0.2205045400000003,0.22394217999999996,0.22557465999999982,0.2297055200000001,0.23267497999999986,0.23605630000000016,0.2398732000000003,0.24390630000000027,0.24561717999999988,0.2511734200000001,0.2524667999999999,0.2573161199999999,0.26175972,0.26413536000000004,0.26831552000000014,0.2704429999999999,0.27474358,0.27600246000000017,0.28134014000000007,0.2843262200000001,0.28667136000000004,0.2901928800000004,0.29411430000000016,0.2963655599999998,0.3013796799999999,0.3026973000000001,0.3051561399999999,0.31031302,0.31309957999999993,0.31589744000000003,0.3202994199999999,0.32485508000000035,0.32780852000000005,0.3300851999999999,0.33327465999999994,0.33567906000000014,0.33965416000000015,0.3444293800000001,0.34600934,0.34918343999999973,0.3526449599999999,0.3571312400000001,0.3594184999999997,0.36321426000000034,0.3669687399999997,0.3711075600000001,0.3738975599999997,0.3771505999999999,0.3796820800000001,0.38222289999999975,0.38585924000000027,0.3907416000000002,0.39289335999999986,0.3956918400000002,0.40111259999999965,0.40377410000000014,0.40552369999999954,0.4118820600000005,0.41371874000000003,0.4164192399999998,0.42056622000000005,0.42383190000000004,0.4272803800000002,0.43017213999999965,0.43285359999999984,0.43604749999999987,0.43904480000000046,0.44304281999999984,0.4474791399999997)
dod <- c(0.90028,0.9008200000000001,0.8993600000000003,0.9027200000000004,0.8986600000000007,0.901060000000001,0.9022799999999999,0.899939999999999,0.9006600000000006,0.9010199999999993,0.9019799999999996,0.8985800000000015,0.8990200000000005,0.9001999999999999,0.8994800000000002,0.8999200000000002,0.8985200000000004,0.8984399999999994,0.9007999999999997,0.8994400000000006,0.9003800000000003,0.8997000000000005,0.90192,0.8980799999999997,0.8984399999999991,0.8984399999999999,0.8980999999999999,0.89818,0.9005,0.8984600000000007,0.9005000000000003,0.9011000000000003,0.90266,0.9020399999999994,0.8999199999999999,0.9013999999999992,0.8986399999999994,0.9006199999999996,0.8968599999999997,0.9015399999999996,0.9008799999999995,0.8999399999999999,0.90024,0.9009599999999994,0.8991999999999998,0.9001199999999994,0.9000199999999994,0.8991800000000003,0.9006600000000005,0.8994599999999999,0.9000199999999998,0.8999400000000001,0.9000399999999998,0.8988199999999992,0.9014999999999996,0.8988400000000002,0.8976799999999996,0.8990599999999996,0.9024599999999994,0.9001000000000001,0.8996000000000002,0.8988199999999992,0.9007200000000006,0.9003799999999994,0.8990600000000003,0.9011400000000014,0.9012400000000002,0.8999599999999999,0.90104,0.8985800000000002,0.8994399999999999,0.9003200000000002,0.9011200000000004,0.9005199999999997,0.8983799999999998,0.9013799999999994,0.9023000000000003,0.89704,0.9020599999999995,0.8998599999999995,0.9004400000000001,0.9017200000000001,0.9003400000000008,0.9013599999999985,0.9004200000000002,0.8993999999999999,0.8977200000000002,0.8988800000000001,0.8990800000000004,0.9006600000000001)
s3d <- scatterplot3d(pP1, pP2, edod, color = "red", zlim=c(0,0,0.5))
s3d$points3d(pP1, pP2, dod, col = "green")
plot(pP2, edod, col = "red", ylim=c(0,1.0))
lines(pP2, dod, col = "green")