pP1 <- c(0.99,0.98,0.97,0.96,0.95,0.94,0.9299999999999999,0.9199999999999999,0.91,0.9,0.89,0.88,0.87,0.86,0.85,0.84,0.83,0.82,0.8099999999999999,0.7999999999999999,0.7899999999999999,0.7799999999999999,0.7699999999999999,0.7599999999999999,0.7499999999999999,0.74,0.73,0.72,0.71,0.7,0.69,0.6799999999999999,0.6699999999999999,0.6599999999999999,0.6499999999999999,0.6399999999999999,0.6299999999999999,0.6199999999999999,0.6099999999999999,0.5999999999999999,0.5899999999999999,0.5799999999999998,0.5699999999999998,0.5599999999999998,0.5499999999999998,0.5399999999999998,0.5299999999999998,0.5199999999999998,0.5099999999999998,0.4999999999999997,0.48999999999999977,0.47999999999999976,0.46999999999999975,0.45999999999999974,0.44999999999999973,0.4399999999999997,0.4299999999999997,0.4199999999999997,0.4099999999999997,0.3999999999999997,0.3899999999999997,0.37999999999999967,0.36999999999999966,0.35999999999999965,0.34999999999999964,0.33999999999999964,0.3299999999999996,0.3199999999999996,0.3099999999999996,0.2999999999999996,0.2899999999999996,0.2799999999999996,0.2699999999999996,0.25999999999999956,0.24999999999999956,0.23999999999999955,0.22999999999999954,0.21999999999999953,0.20999999999999952,0.1999999999999995,0.1899999999999995,0.1799999999999995,0.16999999999999948,0.15999999999999948,0.14999999999999947,0.13999999999999946,0.12999999999999945,0.11999999999999944,0.10999999999999943,0.09999999999999942,0.08999999999999941,0.0799999999999994,0.0699999999999994,0.05999999999999939,0.04999999999999938,0.03999999999999937,0.02999999999999936,0.01999999999999935,0.009999999999999343)
pP2 <- c(0.0,0.01,0.02,0.03,0.04,0.05,0.060000000000000005,0.07,0.08,0.09,0.09999999999999999,0.10999999999999999,0.11999999999999998,0.12999999999999998,0.13999999999999999,0.15,0.16,0.17,0.18000000000000002,0.19000000000000003,0.20000000000000004,0.21000000000000005,0.22000000000000006,0.23000000000000007,0.24000000000000007,0.25000000000000006,0.26000000000000006,0.2700000000000001,0.2800000000000001,0.2900000000000001,0.3000000000000001,0.3100000000000001,0.3200000000000001,0.3300000000000001,0.34000000000000014,0.35000000000000014,0.36000000000000015,0.37000000000000016,0.38000000000000017,0.3900000000000002,0.4000000000000002,0.4100000000000002,0.4200000000000002,0.4300000000000002,0.4400000000000002,0.45000000000000023,0.46000000000000024,0.47000000000000025,0.48000000000000026,0.49000000000000027,0.5000000000000002,0.5100000000000002,0.5200000000000002,0.5300000000000002,0.5400000000000003,0.5500000000000003,0.5600000000000003,0.5700000000000003,0.5800000000000003,0.5900000000000003,0.6000000000000003,0.6100000000000003,0.6200000000000003,0.6300000000000003,0.6400000000000003,0.6500000000000004,0.6600000000000004,0.6700000000000004,0.6800000000000004,0.6900000000000004,0.7000000000000004,0.7100000000000004,0.7200000000000004,0.7300000000000004,0.7400000000000004,0.7500000000000004,0.7600000000000005,0.7700000000000005,0.7800000000000005,0.7900000000000005,0.8000000000000005,0.8100000000000005,0.8200000000000005,0.8300000000000005,0.8400000000000005,0.8500000000000005,0.8600000000000005,0.8700000000000006,0.8800000000000006,0.8900000000000006,0.9000000000000006,0.9100000000000006,0.9200000000000006,0.9300000000000006,0.9400000000000006,0.9500000000000006,0.9600000000000006,0.9700000000000006,0.9800000000000006)
edod <- c(0.16516213999999996,0.16825447999999993,0.17128926000000017,0.17603116000000005,0.17913490000000004,0.1811333799999997,0.18524984,0.18874981999999982,0.19186903999999977,0.19624227999999982,0.19843791999999977,0.20206362000000017,0.20550830000000006,0.2091563200000001,0.2119819799999999,0.21470038000000002,0.2186240200000001,0.22281018000000022,0.22595221999999998,0.22755234000000005,0.2329514399999998,0.2368768400000001,0.23885473999999998,0.24244471999999997,0.24437000000000003,0.24916382,0.2510527799999999,0.2546628799999998,0.2582650400000003,0.26282827999999997,0.2647068199999999,0.2658929,0.2734910799999999,0.2752753800000004,0.27930366,0.28299724000000015,0.28494158000000014,0.28942626000000027,0.2909390999999999,0.2938220999999998,0.29889614000000003,0.3020849199999999,0.30473403999999993,0.30908529999999995,0.31119173999999966,0.3145767599999997,0.3174018199999998,0.3204482600000002,0.3246715399999998,0.3280089399999999,0.3321388800000001,0.3367558000000001,0.33772176000000015,0.34278770000000014,0.3447798599999999,0.3479767000000002,0.35150819999999994,0.35625584000000005,0.3571763400000002,0.36047995999999993,0.3649285799999999,0.3680349999999998,0.37124183999999927,0.3744915200000005,0.3789548000000001,0.3829597600000003,0.38662851999999986,0.3883455600000002,0.39151830000000026,0.3964308399999999,0.39777039999999975,0.40096306000000015,0.4037828199999999,0.40790378000000016,0.41193969999999985,0.4163272800000001,0.41875374,0.4229241799999996,0.4251640399999995,0.42825625999999994,0.4309681199999999,0.4362498000000002,0.4371003799999999,0.44233639999999974,0.44471225999999997,0.4483368999999999,0.4512738200000001,0.45519726,0.45694692000000037,0.4606714199999994,0.46516700000000005,0.46835826,0.47248024000000005,0.47521417999999976,0.4784444200000002,0.48170827999999977,0.48510791999999986,0.48850222000000015,0.49171724000000006)
dod <- c(0.989800000000004,0.9903000000000044,0.989980000000004,0.9906200000000033,0.9897000000000041,0.9893200000000045,0.9901800000000036,0.9896000000000045,0.9892800000000044,0.9904400000000041,0.9898600000000038,0.9897400000000035,0.9904400000000039,0.9899600000000046,0.9896000000000041,0.9894200000000047,0.989380000000004,0.989700000000004,0.9896200000000039,0.9895400000000043,0.9895600000000041,0.9906600000000039,0.9902600000000041,0.990140000000004,0.9902000000000044,0.9899000000000037,0.9891400000000045,0.9893400000000042,0.9903600000000041,0.9899600000000048,0.9895600000000035,0.9905200000000037,0.989920000000004,0.9901400000000042,0.9899800000000039,0.9895400000000042,0.9897200000000045,0.9901600000000041,0.9902600000000042,0.9906000000000038,0.9904600000000041,0.9903400000000033,0.9899400000000038,0.991040000000004,0.9903400000000039,0.9902800000000045,0.9895400000000039,0.9899200000000046,0.9891800000000047,0.9900600000000039,0.9899600000000041,0.9899600000000041,0.9899000000000043,0.9897800000000047,0.9900400000000039,0.9899400000000045,0.9898200000000044,0.990220000000004,0.9903000000000038,0.9902600000000042,0.989420000000004,0.9903800000000043,0.990320000000004,0.9900000000000039,0.9902200000000035,0.9896400000000042,0.9889400000000038,0.9895600000000047,0.9896600000000042,0.9903400000000041,0.9898400000000043,0.9894800000000042,0.989860000000004,0.9905200000000037,0.9908200000000041,0.9901800000000043,0.9901400000000043,0.9892200000000045,0.990280000000004,0.9895800000000045,0.989200000000004,0.990420000000004,0.9900600000000038,0.990520000000004,0.9895000000000037,0.9899400000000036,0.9902000000000037,0.9896600000000046,0.9896200000000039,0.989520000000004,0.9898000000000041,0.9901000000000039,0.9899600000000044,0.9900400000000042,0.9906600000000041,0.9895800000000048,0.9899200000000039,0.9904800000000044,0.9904000000000039)
plot(pP2, edod, col = "red", ylim=c(0,1.0))
lines(pP2, dod, col = "green")