pP1 <- c(0.5,0.49,0.48,0.47,0.46,0.45,0.44,0.43,0.42,0.41000000000000003,0.4,0.39,0.38,0.37,0.36,0.35,0.33999999999999997,0.32999999999999996,0.31999999999999995,0.30999999999999994,0.29999999999999993,0.2899999999999999,0.2799999999999999,0.2699999999999999,0.2599999999999999,0.24999999999999994,0.23999999999999994,0.22999999999999993,0.21999999999999992,0.2099999999999999,0.1999999999999999,0.1899999999999999,0.17999999999999988,0.16999999999999987,0.15999999999999986,0.14999999999999986,0.13999999999999985,0.12999999999999984,0.11999999999999983,0.10999999999999982,0.09999999999999981,0.0899999999999998,0.0799999999999998,0.06999999999999978,0.059999999999999776,0.04999999999999977,0.03999999999999976,0.02999999999999975,0.01999999999999974,0.009999999999999731)
pP2 <- c(0.0,0.01,0.02,0.03,0.04,0.05,0.060000000000000005,0.07,0.08,0.09,0.09999999999999999,0.10999999999999999,0.11999999999999998,0.12999999999999998,0.13999999999999999,0.15,0.16,0.17,0.18000000000000002,0.19000000000000003,0.20000000000000004,0.21000000000000005,0.22000000000000006,0.23000000000000007,0.24000000000000007,0.25000000000000006,0.26000000000000006,0.2700000000000001,0.2800000000000001,0.2900000000000001,0.3000000000000001,0.3100000000000001,0.3200000000000001,0.3300000000000001,0.34000000000000014,0.35000000000000014,0.36000000000000015,0.37000000000000016,0.38000000000000017,0.3900000000000002,0.4000000000000002,0.4100000000000002,0.4200000000000002,0.4300000000000002,0.4400000000000002,0.45000000000000023,0.46000000000000024,0.47000000000000025,0.48000000000000026,0.49000000000000027)
edod <- c(0.08343399999999992,0.08638818000000001,0.08988186000000002,0.09397906000000003,0.09826886000000014,0.10083941999999993,0.10310005999999998,0.10648300000000012,0.11081760000000002,0.11364905999999991,0.11635137999999993,0.11985292000000006,0.12415119999999993,0.12630550000000007,0.1296030199999999,0.1325731599999999,0.13518748000000003,0.13877549999999986,0.14385084000000004,0.14739408000000015,0.15046863999999993,0.15468440000000006,0.15691697999999987,0.15971224000000006,0.16218980000000005,0.16633345999999993,0.17114818000000023,0.17394339999999997,0.17822097999999995,0.18118067999999996,0.18352160000000003,0.18778108000000007,0.1911322400000001,0.19378316,0.19740745999999976,0.20275639999999995,0.2040613799999998,0.20553111999999996,0.21134353999999997,0.21586677999999979,0.2166843400000002,0.22092579999999995,0.2242729799999999,0.22749869999999986,0.23059045999999983,0.2329799200000001,0.23927458000000018,0.2402197199999999,0.24400551999999995,0.24618195999999995)
dod <- c(0.49785999999999964,0.49917999999999974,0.4992800000000001,0.5019600000000001,0.5060800000000004,0.5026600000000002,0.4983400000000002,0.4983200000000004,0.50404,0.5027000000000001,0.4977000000000002,0.49831999999999976,0.5027999999999999,0.4978399999999999,0.49870000000000003,0.4994799999999997,0.4974000000000004,0.4950999999999995,0.5024000000000005,0.5004999999999997,0.49905999999999945,0.5020800000000003,0.4994200000000001,0.4964599999999995,0.49639999999999995,0.5002400000000004,0.5001399999999999,0.5006000000000004,0.5029799999999999,0.500499999999999,0.5002399999999998,0.5015200000000002,0.5010000000000002,0.5009399999999999,0.5023599999999999,0.5045200000000001,0.50148,0.4998,0.50234,0.5024000000000002,0.5009999999999998,0.5011999999999998,0.5026,0.5011399999999999,0.4997999999999999,0.49860000000000004,0.5048400000000002,0.4995400000000002,0.5011000000000001,0.49862)
s3d <- scatterplot3d(pP1, pP2, edod, color = "red", zlim=c(0,0,0.5))
s3d$points3d(pP1, pP2, dod, col = "green")
plot(pP2, edod, col = "red", ylim=c(0,1.0))
lines(pP2, dod, col = "green")