pP1 <- c(1.0,0.99,0.98,0.97,0.96,0.95,0.94,0.9299999999999999,0.92,0.91,0.9,0.89,0.88,0.87,0.86,0.85,0.84,0.83,0.82,0.8099999999999999,0.7999999999999999,0.7899999999999999,0.7799999999999999,0.7699999999999999,0.7599999999999999,0.75,0.74,0.73,0.72,0.71,0.7,0.69,0.6799999999999999,0.6699999999999999,0.6599999999999999,0.6499999999999999,0.6399999999999999,0.6299999999999999,0.6199999999999999,0.6099999999999999,0.5999999999999999,0.5899999999999999,0.5799999999999998,0.5699999999999998,0.5599999999999998,0.5499999999999998,0.5399999999999998,0.5299999999999998,0.5199999999999998,0.5099999999999998,0.4999999999999998,0.48999999999999977,0.47999999999999976,0.46999999999999975,0.45999999999999974,0.44999999999999973,0.4399999999999997,0.4299999999999997,0.4199999999999997,0.4099999999999997,0.3999999999999997,0.3899999999999997,0.37999999999999967,0.36999999999999966,0.35999999999999965,0.34999999999999964,0.33999999999999964,0.3299999999999996,0.3199999999999996,0.3099999999999996,0.2999999999999996,0.2899999999999996,0.2799999999999996,0.2699999999999996,0.25999999999999956,0.24999999999999956,0.23999999999999955,0.22999999999999954,0.21999999999999953,0.20999999999999952,0.1999999999999995,0.1899999999999995,0.1799999999999995,0.16999999999999948,0.15999999999999948,0.14999999999999947,0.13999999999999946,0.12999999999999945,0.11999999999999944,0.10999999999999943,0.09999999999999942,0.08999999999999941,0.0799999999999994,0.0699999999999994,0.05999999999999939,0.04999999999999938,0.03999999999999937,0.02999999999999936,0.01999999999999935,0.009999999999999343)
pP2 <- c(0.0,0.0,0.0,0.0,0.0,0.0,0.0,0.0,0.0,0.0,0.0,0.0,0.0,0.0,0.0,0.0,0.0,0.0,0.0,0.0,0.0,0.0,0.0,0.0,0.0,0.0,0.0,0.0,0.0,0.0,0.0,0.0,0.0,0.0,0.0,0.0,0.0,0.0,0.0,0.0,0.0,0.0,0.0,0.0,0.0,0.0,0.0,0.0,0.0,0.0,0.0,0.0,0.0,0.0,0.0,0.0,0.0,0.0,0.0,0.0,0.0,0.0,0.0,0.0,0.0,0.0,0.0,0.0,0.0,0.0,0.0,0.0,0.0,0.0,0.0,0.0,0.0,0.0,0.0,0.0,0.0,0.0,0.0,0.0,0.0,0.0,0.0,0.0,0.0,0.0,0.0,0.0,0.0,0.0,0.0,0.0,0.0,0.0,0.0,0.0)
pP3 <- c(0.0,0.01,0.02,0.03,0.04,0.05,0.060000000000000005,0.07,0.08,0.09,0.09999999999999999,0.10999999999999999,0.11999999999999998,0.12999999999999998,0.13999999999999999,0.15,0.16,0.17,0.18000000000000002,0.19000000000000003,0.20000000000000004,0.21000000000000005,0.22000000000000006,0.23000000000000007,0.24000000000000007,0.25000000000000006,0.26000000000000006,0.2700000000000001,0.2800000000000001,0.2900000000000001,0.3000000000000001,0.3100000000000001,0.3200000000000001,0.3300000000000001,0.34000000000000014,0.35000000000000014,0.36000000000000015,0.37000000000000016,0.38000000000000017,0.3900000000000002,0.4000000000000002,0.4100000000000002,0.4200000000000002,0.4300000000000002,0.4400000000000002,0.45000000000000023,0.46000000000000024,0.47000000000000025,0.48000000000000026,0.49000000000000027,0.5000000000000002,0.5100000000000002,0.5200000000000002,0.5300000000000002,0.5400000000000003,0.5500000000000003,0.5600000000000003,0.5700000000000003,0.5800000000000003,0.5900000000000003,0.6000000000000003,0.6100000000000003,0.6200000000000003,0.6300000000000003,0.6400000000000003,0.6500000000000004,0.6600000000000004,0.6700000000000004,0.6800000000000004,0.6900000000000004,0.7000000000000004,0.7100000000000004,0.7200000000000004,0.7300000000000004,0.7400000000000004,0.7500000000000004,0.7600000000000005,0.7700000000000005,0.7800000000000005,0.7900000000000005,0.8000000000000005,0.8100000000000005,0.8200000000000005,0.8300000000000005,0.8400000000000005,0.8500000000000005,0.8600000000000005,0.8700000000000006,0.8800000000000006,0.8900000000000006,0.9000000000000006,0.9100000000000006,0.9200000000000006,0.9300000000000006,0.9400000000000006,0.9500000000000006,0.9600000000000006,0.9700000000000006,0.9800000000000006,0.9900000000000007)
edod <- c(0.16682277999999995,0.17306286000000018,0.18017208,0.1873070999999999,0.19413713999999963,0.19873576000000004,0.20642512000000032,0.21349121999999998,0.22050229999999982,0.22853532000000026,0.23479187999999987,0.23953322000000005,0.24719957999999997,0.25300358,0.25839763999999993,0.26783304000000013,0.2740543199999999,0.2811973999999996,0.2904570800000002,0.2932139400000002,0.30162801999999994,0.3088006599999999,0.3121904599999998,0.32200342000000004,0.32906836000000017,0.33382791999999994,0.33932748000000046,0.34568653999999965,0.35493115999999986,0.36342744000000005,0.36814588000000026,0.3725668000000001,0.3818884800000006,0.38787111999999974,0.39554568000000007,0.4018906399999998,0.4070063600000002,0.41266136000000037,0.42069768000000024,0.42618754,0.43151622,0.4410372200000001,0.4457853600000001,0.4530755000000002,0.46000016000000005,0.4652783999999999,0.4763739400000003,0.4796621599999999,0.48683846000000036,0.4942034199999997,0.4997122599999997,0.50533592,0.5108990600000002,0.5212260999999999,0.5278615600000005,0.5334054199999999,0.5403390199999997,0.54896828,0.5542985599999998,0.5619017400000006,0.5657265400000001,0.5719435599999991,0.5807186800000002,0.5880293199999996,0.5932346600000001,0.6000726400000006,0.6080456800000006,0.6139515400000001,0.6208073000000005,0.6258033799999997,0.6336886600000005,0.6404298800000003,0.6472792999999998,0.6546437199999995,0.6600711000000001,0.6674890600000001,0.6723139800000004,0.6795831800000004,0.6870954000000006,0.6926971599999999,0.6987889200000004,0.7088686999999995,0.7123738000000002,0.7191086799999996,0.7280813400000004,0.7355020000000008,0.73889738,0.7469221800000005,0.751162000000001,0.75944072,0.7661373800000003,0.7740010399999997,0.780074840000001,0.7863217399999995,0.7943003999999989,0.7994066199999996,0.8052265799999996,0.8140239799999996,0.8204885399999996,0.8264057599999995)
dod <- c(1.0,1.0,1.0,1.0,1.0,1.0,1.0,1.0,1.0,1.0,1.0,1.0,1.0,1.0,1.0,1.0,1.0,1.0,1.0,1.0,1.0,1.0,1.0,1.0,1.0,1.0,1.0,1.0,1.0,1.0,1.0,1.0,1.0,1.0,1.0,1.0,1.0,1.0,1.0,1.0,1.0,1.0,1.0,1.0,1.0,1.0,1.0,1.0,1.0,1.0,1.0,1.0,1.0,1.0,1.0,1.0,1.0,1.0,1.0,1.0,1.0,1.0,1.0,1.0,1.0,1.0,1.0,1.0,1.0,1.0,1.0,1.0,1.0,1.0,1.0,1.0,1.0,1.0,1.0,1.0,1.0,1.0,1.0,1.0,1.0,1.0,1.0,1.0,1.0,1.0,1.0,1.0,1.0,1.0,1.0,1.0,1.0,1.0,1.0,1.0)
plot(pP3, edod, col = "red", ylim=c(0,1.2), main="P(P0) = 0.0 & P(P2) = 0", xlab="P(P3)", ylab="Degree", type="l")
lines(pP3, dod, col = "green")
legend(0,1.2,c("DOD", "EDOD"), col=c("green", "red"), lty=1)