pP0 <- c(1.0,0.99,0.98,0.97,0.96,0.95,0.94,0.9299999999999999,0.92,0.91,0.9,0.89,0.88,0.87,0.86,0.85,0.84,0.83,0.82,0.8099999999999999,0.7999999999999999,0.7899999999999999,0.7799999999999999,0.7699999999999999,0.7599999999999999,0.75,0.74,0.73,0.72,0.71,0.7,0.69,0.6799999999999999,0.6699999999999999,0.6599999999999999,0.6499999999999999,0.6399999999999999,0.6299999999999999,0.6199999999999999,0.6099999999999999,0.5999999999999999,0.5899999999999999,0.5799999999999998,0.5699999999999998,0.5599999999999998,0.5499999999999998,0.5399999999999998,0.5299999999999998,0.5199999999999998,0.5099999999999998,0.4999999999999998,0.48999999999999977,0.47999999999999976,0.46999999999999975,0.45999999999999974,0.44999999999999973,0.4399999999999997,0.4299999999999997,0.4199999999999997,0.4099999999999997,0.3999999999999997,0.3899999999999997,0.37999999999999967,0.36999999999999966,0.35999999999999965,0.34999999999999964,0.33999999999999964,0.3299999999999996,0.3199999999999996,0.3099999999999996,0.2999999999999996,0.2899999999999996,0.2799999999999996,0.2699999999999996,0.25999999999999956,0.24999999999999956,0.23999999999999955,0.22999999999999954,0.21999999999999953,0.20999999999999952,0.1999999999999995,0.1899999999999995,0.1799999999999995,0.16999999999999948,0.15999999999999948,0.14999999999999947,0.13999999999999946,0.12999999999999945,0.11999999999999944,0.10999999999999943,0.09999999999999942,0.08999999999999941,0.0799999999999994,0.0699999999999994,0.05999999999999939,0.04999999999999938,0.03999999999999937,0.02999999999999936,0.01999999999999935,0.009999999999999343)
pP1 <- c(0.0,0.0,0.0,0.0,0.0,0.0,0.0,0.0,0.0,0.0,0.0,0.0,0.0,0.0,0.0,0.0,0.0,0.0,0.0,0.0,0.0,0.0,0.0,0.0,0.0,0.0,0.0,0.0,0.0,0.0,0.0,0.0,0.0,0.0,0.0,0.0,0.0,0.0,0.0,0.0,0.0,0.0,0.0,0.0,0.0,0.0,0.0,0.0,0.0,0.0,0.0,0.0,0.0,0.0,0.0,0.0,0.0,0.0,0.0,0.0,0.0,0.0,0.0,0.0,0.0,0.0,0.0,0.0,0.0,0.0,0.0,0.0,0.0,0.0,0.0,0.0,0.0,0.0,0.0,0.0,0.0,0.0,0.0,0.0,0.0,0.0,0.0,0.0,0.0,0.0,0.0,0.0,0.0,0.0,0.0,0.0,0.0,0.0,0.0,0.0)
pP2 <- c(0.0,0.0,0.0,0.0,0.0,0.0,0.0,0.0,0.0,0.0,0.0,0.0,0.0,0.0,0.0,0.0,0.0,0.0,0.0,0.0,0.0,0.0,0.0,0.0,0.0,0.0,0.0,0.0,0.0,0.0,0.0,0.0,0.0,0.0,0.0,0.0,0.0,0.0,0.0,0.0,0.0,0.0,0.0,0.0,0.0,0.0,0.0,0.0,0.0,0.0,0.0,0.0,0.0,0.0,0.0,0.0,0.0,0.0,0.0,0.0,0.0,0.0,0.0,0.0,0.0,0.0,0.0,0.0,0.0,0.0,0.0,0.0,0.0,0.0,0.0,0.0,0.0,0.0,0.0,0.0,0.0,0.0,0.0,0.0,0.0,0.0,0.0,0.0,0.0,0.0,0.0,0.0,0.0,0.0,0.0,0.0,0.0,0.0,0.0,0.0)
pP3 <- c(0.0,0.01,0.02,0.03,0.04,0.05,0.060000000000000005,0.07,0.08,0.09,0.09999999999999999,0.10999999999999999,0.11999999999999998,0.12999999999999998,0.13999999999999999,0.15,0.16,0.17,0.18000000000000002,0.19000000000000003,0.20000000000000004,0.21000000000000005,0.22000000000000006,0.23000000000000007,0.24000000000000007,0.25000000000000006,0.26000000000000006,0.2700000000000001,0.2800000000000001,0.2900000000000001,0.3000000000000001,0.3100000000000001,0.3200000000000001,0.3300000000000001,0.34000000000000014,0.35000000000000014,0.36000000000000015,0.37000000000000016,0.38000000000000017,0.3900000000000002,0.4000000000000002,0.4100000000000002,0.4200000000000002,0.4300000000000002,0.4400000000000002,0.45000000000000023,0.46000000000000024,0.47000000000000025,0.48000000000000026,0.49000000000000027,0.5000000000000002,0.5100000000000002,0.5200000000000002,0.5300000000000002,0.5400000000000003,0.5500000000000003,0.5600000000000003,0.5700000000000003,0.5800000000000003,0.5900000000000003,0.6000000000000003,0.6100000000000003,0.6200000000000003,0.6300000000000003,0.6400000000000003,0.6500000000000004,0.6600000000000004,0.6700000000000004,0.6800000000000004,0.6900000000000004,0.7000000000000004,0.7100000000000004,0.7200000000000004,0.7300000000000004,0.7400000000000004,0.7500000000000004,0.7600000000000005,0.7700000000000005,0.7800000000000005,0.7900000000000005,0.8000000000000005,0.8100000000000005,0.8200000000000005,0.8300000000000005,0.8400000000000005,0.8500000000000005,0.8600000000000005,0.8700000000000006,0.8800000000000006,0.8900000000000006,0.9000000000000006,0.9100000000000006,0.9200000000000006,0.9300000000000006,0.9400000000000006,0.9500000000000006,0.9600000000000006,0.9700000000000006,0.9800000000000006,0.9900000000000007)
edod <- c(NaN,NaN,NaN,NaN,NaN,NaN,NaN,NaN,NaN,0.07471949999999995,0.08186422,0.09123390000000002,0.10178267999999988,0.10833856000000008,0.11697690000000009,0.12192389999999997,0.13618624000000007,0.14043052,0.15020106000000016,0.15528856,0.16639188000000005,0.17495876000000005,0.18120521999999983,0.19197363999999986,0.19982086000000024,0.21193667999999982,0.21893001999999998,0.2238356600000001,0.23314303999999983,0.2394481199999999,0.25056405999999987,0.25798266000000014,0.2681945400000001,0.27635372000000014,0.28558500000000026,0.2930302600000002,0.3010803800000001,0.3112485000000003,0.3156397599999997,0.32696131999999994,0.33864368,0.3408941799999999,0.34888636000000006,0.3596255800000002,0.37058847999999994,0.3741087599999999,0.3847130999999998,0.39263191999999986,0.4023037199999997,0.4102488800000005,0.4145415399999998,0.42868510000000076,0.43450637999999986,0.4442147799999998,0.4463182400000002,0.4574563399999999,0.4632874799999999,0.4762487999999999,0.4803336199999998,0.4939119399999998,0.5016566600000003,0.50544836,0.51527042,0.5238907399999997,0.5332574400000003,0.5432387799999995,0.5505018199999998,0.5591542599999998,0.5677260799999996,0.5755345799999999,0.58126104,0.5904181400000005,0.6010221199999995,0.6082412799999997,0.6158135000000001,0.62511522,0.6338838199999995,0.640966879999999,0.6493736199999992,0.6575004000000002,0.66756984,0.6766413400000003,0.6837949200000001,0.6898328799999998,0.70187194,0.7063894000000003,0.7182384999999997,0.7265799599999998,0.7327422800000001,0.7427637999999999,0.7528334200000001,0.7569596999999997,0.76866988,0.7752650400000001,0.7842986399999998,0.7910996999999999,0.8006426399999998,0.8091519800000003,0.8171114000000003,0.8260846999999999)
dod <- c(0.0,0.009679999999999946,0.018979999999999893,0.030659999999999826,0.03967999999999989,0.051619999999999874,0.05955999999999993,0.07011999999999995,0.07913999999999999,0.08954000000000001,0.09820000000000008,0.10956000000000014,0.12176000000000003,0.13001999999999997,0.14032000000000014,0.14644000000000018,0.16340000000000016,0.16868000000000008,0.18010000000000023,0.18621999999999997,0.19934000000000004,0.20971999999999985,0.21806000000000003,0.23043999999999987,0.23985999999999988,0.25426000000000004,0.2626,0.2688399999999999,0.2799000000000001,0.28753999999999985,0.30120000000000025,0.30976000000000037,0.32192000000000054,0.3311600000000002,0.34192,0.3513200000000001,0.3615399999999999,0.3731000000000002,0.37925999999999976,0.3922800000000001,0.4052600000000001,0.4087599999999998,0.4185999999999994,0.4316799999999992,0.4447799999999994,0.4490599999999998,0.46173999999999954,0.4708599999999999,0.48274000000000006,0.4917,0.49736000000000014,0.5137800000000001,0.52068,0.5331200000000005,0.536320000000001,0.5487200000000003,0.5558400000000003,0.5706399999999998,0.5764199999999999,0.5928600000000002,0.6023600000000006,0.6069000000000009,0.6184800000000005,0.6288400000000001,0.6393600000000004,0.6522399999999998,0.6600799999999999,0.6708400000000003,0.6805800000000003,0.6908799999999998,0.6975999999999997,0.7092999999999997,0.7207200000000007,0.7306200000000005,0.73968,0.7500200000000002,0.7601799999999999,0.768299999999999,0.7794799999999997,0.7885599999999995,0.8011399999999999,0.8119800000000003,0.8209799999999998,0.8272399999999988,0.84218,0.8475399999999998,0.8617400000000006,0.87082,0.8793399999999991,0.8906799999999995,0.90272,0.9082800000000001,0.9209800000000005,0.9295800000000011,0.9408200000000005,0.9493999999999997,0.9596600000000021,0.9701400000000026,0.9802000000000043,0.9905400000000039)
plot(pP3, edod, col = "red", ylim=c(0,1.2), main="P(P1) = 0 & P(P2) = 0", xlab="P(P3)", ylab="Degree", type="l")
lines(pP3, dod, col = "green")
legend(0,1.2,c("DOD", "EDOD"), col=c("green", "red"), lty=1)