pP1 <- c(1.0,0.99,0.98,0.97,0.96,0.95,0.94,0.9299999999999999,0.92,0.91,0.9,0.89,0.88,0.87,0.86,0.85,0.84,0.83,0.82,0.8099999999999999,0.7999999999999999,0.7899999999999999,0.7799999999999999,0.7699999999999999,0.7599999999999999,0.75,0.74,0.73,0.72,0.71,0.7,0.69,0.6799999999999999,0.6699999999999999,0.6599999999999999,0.6499999999999999,0.6399999999999999,0.6299999999999999,0.6199999999999999,0.6099999999999999,0.5999999999999999,0.5899999999999999,0.5799999999999998,0.5699999999999998,0.5599999999999998,0.5499999999999998,0.5399999999999998,0.5299999999999998,0.5199999999999998,0.5099999999999998,0.4999999999999998,0.48999999999999977,0.47999999999999976,0.46999999999999975,0.45999999999999974,0.44999999999999973,0.4399999999999997,0.4299999999999997,0.4199999999999997,0.4099999999999997,0.3999999999999997,0.3899999999999997,0.37999999999999967,0.36999999999999966,0.35999999999999965,0.34999999999999964,0.33999999999999964,0.3299999999999996,0.3199999999999996,0.3099999999999996,0.2999999999999996,0.2899999999999996,0.2799999999999996,0.2699999999999996,0.25999999999999956,0.24999999999999956,0.23999999999999955,0.22999999999999954,0.21999999999999953,0.20999999999999952,0.1999999999999995,0.1899999999999995,0.1799999999999995,0.16999999999999948,0.15999999999999948,0.14999999999999947,0.13999999999999946,0.12999999999999945,0.11999999999999944,0.10999999999999943,0.09999999999999942,0.08999999999999941,0.0799999999999994,0.0699999999999994,0.05999999999999939,0.04999999999999938,0.03999999999999937,0.02999999999999936,0.01999999999999935,0.009999999999999343)
pP2 <- c(0.0,0.01,0.02,0.03,0.04,0.05,0.060000000000000005,0.07,0.08,0.09,0.09999999999999999,0.10999999999999999,0.11999999999999998,0.12999999999999998,0.13999999999999999,0.15,0.16,0.17,0.18000000000000002,0.19000000000000003,0.20000000000000004,0.21000000000000005,0.22000000000000006,0.23000000000000007,0.24000000000000007,0.25000000000000006,0.26000000000000006,0.2700000000000001,0.2800000000000001,0.2900000000000001,0.3000000000000001,0.3100000000000001,0.3200000000000001,0.3300000000000001,0.34000000000000014,0.35000000000000014,0.36000000000000015,0.37000000000000016,0.38000000000000017,0.3900000000000002,0.4000000000000002,0.4100000000000002,0.4200000000000002,0.4300000000000002,0.4400000000000002,0.45000000000000023,0.46000000000000024,0.47000000000000025,0.48000000000000026,0.49000000000000027,0.5000000000000002,0.5100000000000002,0.5200000000000002,0.5300000000000002,0.5400000000000003,0.5500000000000003,0.5600000000000003,0.5700000000000003,0.5800000000000003,0.5900000000000003,0.6000000000000003,0.6100000000000003,0.6200000000000003,0.6300000000000003,0.6400000000000003,0.6500000000000004,0.6600000000000004,0.6700000000000004,0.6800000000000004,0.6900000000000004,0.7000000000000004,0.7100000000000004,0.7200000000000004,0.7300000000000004,0.7400000000000004,0.7500000000000004,0.7600000000000005,0.7700000000000005,0.7800000000000005,0.7900000000000005,0.8000000000000005,0.8100000000000005,0.8200000000000005,0.8300000000000005,0.8400000000000005,0.8500000000000005,0.8600000000000005,0.8700000000000006,0.8800000000000006,0.8900000000000006,0.9000000000000006,0.9100000000000006,0.9200000000000006,0.9300000000000006,0.9400000000000006,0.9500000000000006,0.9600000000000006,0.9700000000000006,0.9800000000000006,0.9900000000000007)
pP3 <- c(0.0,0.0,0.0,0.0,0.0,0.0,0.0,0.0,0.0,0.0,0.0,0.0,0.0,0.0,0.0,0.0,0.0,0.0,0.0,0.0,0.0,0.0,0.0,0.0,0.0,0.0,0.0,0.0,0.0,0.0,0.0,0.0,0.0,0.0,0.0,0.0,0.0,0.0,0.0,0.0,0.0,0.0,0.0,0.0,0.0,0.0,0.0,0.0,0.0,0.0,0.0,0.0,0.0,0.0,0.0,0.0,0.0,0.0,0.0,0.0,0.0,0.0,0.0,0.0,0.0,0.0,0.0,0.0,0.0,0.0,0.0,0.0,0.0,0.0,0.0,0.0,0.0,0.0,0.0,0.0,0.0,0.0,0.0,0.0,0.0,0.0,0.0,0.0,0.0,0.0,0.0,0.0,0.0,0.0,0.0,0.0,0.0,0.0,0.0,0.0)
edod <- c(0.16682277999999995,0.16987980000000003,0.17356062000000025,0.17728429999999992,0.18102490000000013,0.1827704800000001,0.18669760000000002,0.19020757999999993,0.19387114000000005,0.19801916000000025,0.20122782000000006,0.20331836,0.2067156399999999,0.20973460000000013,0.21253120000000003,0.21738836000000009,0.22090061999999996,0.22437406000000007,0.2289738800000002,0.23022793999999985,0.23413329999999982,0.23837217999999996,0.23960294000000007,0.24446358000000007,0.24824016,0.2503289999999998,0.2526875999999999,0.2562869399999999,0.2609956000000001,0.2652044799999998,0.26778434,0.26926867999999965,0.2752478,0.27791865999999976,0.2809006799999999,0.28412067999999996,0.28710356000000004,0.2898160999999998,0.2941040599999999,0.29612984000000003,0.2989317800000001,0.3042007000000002,0.30656645999999965,0.31004958000000005,0.31363002000000006,0.31618391999999984,0.32141546000000026,0.32311455999999983,0.32708801999999976,0.33049757999999996,0.33320456000000015,0.3365243199999998,0.3390157199999998,0.34410872000000003,0.34700098000000007,0.3500395799999999,0.35343243999999985,0.3570939200000001,0.36035224000000005,0.36461237999999996,0.3658125400000003,0.36955612,0.3732872000000003,0.37763236,0.37890936,0.38380501999999983,0.38698890000000047,0.38963972,0.39415791999999966,0.3972828999999996,0.39995798,0.4033236599999998,0.4071523200000001,0.4102337600000005,0.41390738000000027,0.41731946000000014,0.41955762000000046,0.4237987999999997,0.4271645599999999,0.4296109400000003,0.43210197999999983,0.43755210000000055,0.4393522599999997,0.4429653999999999,0.4480475599999992,0.4504264399999993,0.45357139999999974,0.4568570599999999,0.45892891999999974,0.46263450000000034,0.4663094200000001,0.4702798400000003,0.4740340799999998,0.47640058000000024,0.48067410000000005,0.4828521800000004,0.4862775799999998,0.4899229200000004,0.4932086000000001,0.49615042000000004)
dod <- c(1.0,1.0,1.0,1.0,1.0,1.0,1.0,1.0,1.0,1.0,1.0,1.0,1.0,1.0,1.0,1.0,1.0,1.0,1.0,1.0,1.0,1.0,1.0,1.0,1.0,1.0,1.0,1.0,1.0,1.0,1.0,1.0,1.0,1.0,1.0,1.0,1.0,1.0,1.0,1.0,1.0,1.0,1.0,1.0,1.0,1.0,1.0,1.0,1.0,1.0,1.0,1.0,1.0,1.0,1.0,1.0,1.0,1.0,1.0,1.0,1.0,1.0,1.0,1.0,1.0,1.0,1.0,1.0,1.0,1.0,1.0,1.0,1.0,1.0,1.0,1.0,1.0,1.0,1.0,1.0,1.0,1.0,1.0,1.0,1.0,1.0,1.0,1.0,1.0,1.0,1.0,1.0,1.0,1.0,1.0,1.0,1.0,1.0,1.0,1.0)
plot(pP2, edod, col = "red", ylim=c(0,1.2), main="P(P0) = 0.0 & P(P3) = 0", xlab="P(P2)", ylab="Degree", type="l")
lines(pP2, dod, col = "green")
legend(0,1.2,c("DOD", "EDOD"), col=c("green", "red"), lty=1)